Top 100 results from Interleaving:
Rank 	 Documents
1 		 35
2 		 226
3 		 50
4 		 54
5 		 6
6 		 78
7 		 65
8 		 59
9 		 184
10 		 162
11 		 119
12 		 53
13 		 152
14 		 26
15 		 232
16 		 44
17 		 13
18 		 245
19 		 206
20 		 10
21 		 147
22 		 134
23 		 115
24 		 191
25 		 31
26 		 62
27 		 166
28 		 141
29 		 187
30 		 19
31 		 56
32 		 208
33 		 189
34 		 139
35 		 238
36 		 76
37 		 103
38 		 40
39 		 142
40 		 87
41 		 155
42 		 108
43 		 88
44 		 248
45 		 28
46 		 216
47 		 199
48 		 164
49 		 107
50 		 160
51 		 205
52 		 213
53 		 43
54 		 51
55 		 194
56 		 102
57 		 250
58 		 151
59 		 21
60 		 74
61 		 169
62 		 52
63 		 24
64 		 196
65 		 212
66 		 32
67 		 183
68 		 38
69 		 190
70 		 136
71 		 203
72 		 236
73 		 181
74 		 146
75 		 128
76 		 105
77 		 69
78 		 186
79 		 106
80 		 223
81 		 89
82 		 97
83 		 82
84 		 4
85 		 121
86 		 237
87 		 125
88 		 210
89 		 227
90 		 201
91 		 168
92 		 91
93 		 27
94 		 110
95 		 132
96 		 95
97 		 149
98 		 179
99 		 154
100 		 202

Top 100 results from CombSUM:
Rank 	 Documents 	 Rating
1 			 35 			 2.73
2 			 26 			 1.89
3 			 152 			 1.83
4 			 54 			 1.8
5 			 115 			 1.74
6 			 51 			 1.65
7 			 24 			 1.64
8 			 10 			 1.55
9 			 6 			 1.54
10 			 28 			 1.54
11 			 205 			 1.48
12 			 59 			 1.48
13 			 119 			 1.4
14 			 187 			 1.31
15 			 194 			 1.3
16 			 210 			 1.21
17 			 106 			 1.19
18 			 88 			 1.16
19 			 146 			 1.15
20 			 21 			 1.14
21 			 125 			 1.09
22 			 191 			 1.09
23 			 98 			 1.04
24 			 245 			 1.03
25 			 226 			 1.0
26 			 50 			 1.0
27 			 65 			 0.98
28 			 127 			 0.98
29 			 78 			 0.98
30 			 162 			 0.97
31 			 151 			 0.97
32 			 44 			 0.96
33 			 25 			 0.96
34 			 184 			 0.96
35 			 53 			 0.95
36 			 206 			 0.94
37 			 232 			 0.94
38 			 134 			 0.93
39 			 199 			 0.93
40 			 13 			 0.93
41 			 147 			 0.92
42 			 31 			 0.91
43 			 62 			 0.91
44 			 141 			 0.9
45 			 56 			 0.9
46 			 128 			 0.9
47 			 166 			 0.89
48 			 139 			 0.88
49 			 171 			 0.87
50 			 208 			 0.87
51 			 19 			 0.87
52 			 103 			 0.86
53 			 149 			 0.86
54 			 189 			 0.86
55 			 87 			 0.85
56 			 181 			 0.85
57 			 69 			 0.85
58 			 76 			 0.85
59 			 216 			 0.84
60 			 238 			 0.84
61 			 142 			 0.84
62 			 107 			 0.83
63 			 40 			 0.83
64 			 108 			 0.83
65 			 168 			 0.82
66 			 155 			 0.82
67 			 248 			 0.82
68 			 213 			 0.81
69 			 164 			 0.8
70 			 160 			 0.79
71 			 212 			 0.77
72 			 43 			 0.77
73 			 169 			 0.76
74 			 250 			 0.76
75 			 196 			 0.75
76 			 74 			 0.75
77 			 104 			 0.74
78 			 183 			 0.73
79 			 157 			 0.73
80 			 102 			 0.73
81 			 136 			 0.72
82 			 52 			 0.72
83 			 32 			 0.71
84 			 23 			 0.7
85 			 190 			 0.7
86 			 91 			 0.69
87 			 105 			 0.68
88 			 236 			 0.67
89 			 97 			 0.66
90 			 121 			 0.65
91 			 38 			 0.65
92 			 203 			 0.65
93 			 186 			 0.65
94 			 89 			 0.64
95 			 4 			 0.63
96 			 197 			 0.61
97 			 2 			 0.61
98 			 201 			 0.61
99 			 110 			 0.59
100 			 137 			 0.59

Top 100 results from LCM:
Rank 	 Documents 	 Rating
1 			 35 			 3.69
2 			 26 			 3.03
3 			 54 			 2.81
4 			 115 			 2.72
5 			 10 			 2.6
6 			 6 			 2.53
7 			 119 			 2.45
8 			 59 			 2.45
9 			 152 			 2.31
10 			 28 			 2.26
11 			 187 			 2.18
12 			 24 			 2.12
13 			 51 			 2.0
14 			 226 			 2.0
15 			 13 			 1.86
16 			 21 			 1.86
17 			 62 			 1.82
18 			 146 			 1.78
19 			 199 			 1.76
20 			 208 			 1.74
21 			 238 			 1.68
22 			 40 			 1.66
23 			 106 			 1.65
24 			 88 			 1.64
25 			 155 			 1.64
26 			 248 			 1.64
27 			 205 			 1.62
28 			 160 			 1.58
29 			 43 			 1.54
30 			 98 			 1.49
31 			 69 			 1.48
32 			 212 			 1.46
33 			 102 			 1.46
34 			 194 			 1.45
35 			 52 			 1.39
36 			 210 			 1.33
37 			 25 			 1.32
38 			 38 			 1.3
39 			 203 			 1.3
40 			 191 			 1.26
41 			 65 			 1.18
42 			 125 			 1.18
43 			 91 			 1.18
44 			 162 			 1.16
45 			 44 			 1.15
46 			 168 			 1.15
47 			 223 			 1.14
48 			 128 			 1.14
49 			 206 			 1.13
50 			 245 			 1.13
51 			 134 			 1.12
52 			 151 			 1.12
53 			 31 			 1.09
54 			 141 			 1.08
55 			 56 			 1.08
56 			 127 			 1.08
57 			 82 			 1.08
58 			 104 			 1.07
59 			 139 			 1.06
60 			 237 			 1.06
61 			 103 			 1.03
62 			 157 			 1.03
63 			 87 			 1.02
64 			 216 			 1.01
65 			 107 			 1.01
66 			 181 			 1.01
67 			 50 			 1.0
68 			 227 			 0.98
69 			 78 			 0.98
70 			 213 			 0.97
71 			 149 			 0.97
72 			 137 			 0.97
73 			 184 			 0.96
74 			 171 			 0.95
75 			 53 			 0.95
76 			 179 			 0.94
77 			 232 			 0.94
78 			 132 			 0.92
79 			 147 			 0.92
80 			 169 			 0.91
81 			 196 			 0.9
82 			 166 			 0.89
83 			 183 			 0.88
84 			 19 			 0.87
85 			 136 			 0.86
86 			 189 			 0.86
87 			 76 			 0.85
88 			 197 			 0.84
89 			 142 			 0.84
90 			 108 			 0.83
91 			 105 			 0.82
92 			 23 			 0.8
93 			 143 			 0.8
94 			 235 			 0.8
95 			 164 			 0.8
96 			 97 			 0.79
97 			 121 			 0.78
98 			 8 			 0.78
99 			 144 			 0.78
100 			 138 			 0.76
